
               uptime: .1.3.6.1.2.1.1.3.0
              voltage: .1.3.6.1.4.1.14988.1.1.3.8.0
           active-fan: .1.3.6.1.4.1.14988.1.1.3.9.0
          temperature: .1.3.6.1.4.1.14988.1.1.3.10.0
processor-temperature: .1.3.6.1.4.1.14988.1.1.3.11.0
    power-consumption: .1.3.6.1.4.1.14988.1.1.3.12.0
              current: .1.3.6.1.4.1.14988.1.1.3.13.0
           psu1-state: .1.3.6.1.4.1.14988.1.1.3.15.0
           psu2-state: .1.3.6.1.4.1.14988.1.1.3.16.0
